0.061989406314069996
0.20624450621129087
0.26212222597897933
0.374632289596199
0.467480295574237
0.03159236885843504
0.12513507706670254
0.24495730048273778
0.372946533696755
0.5012629851330446
0.02915926925302274
0.08136848182589589
0.21549629862789832
0.3831161267472243
0.47159083807579605
0.02778204296498638
0.08785664541352196
0.2517883718075066
0.40869518832181234
0.5170088401489368
0.02657407351099919
0.0891654398483989
0.25229865715426225
0.43489217886512804
0.5452710353932667
0.10432875320689552
0.20570776394415394
0.3494384613127356
0.4391671638181894
0.49839145979479615
0.028456673322959238
0.12020694051476362
0.27160018783132056
0.41268736306122644
0.4885606269012371
0.005538606641200026
0.10902933591604864
0.2043564120590507
0.32523133577521446
0.46960751314474014
0.0333195847909936
0.06523575144296163
0.17190265330697818
0.23653886327167745
0.3579407884959477
0.08779190298836517
0.149678742425634
0.27474224874573944
0.3753455539208551
0.4795893142254121
0.0523535406880391
0.13021872530800047
0.2164695178364345
0.31214264994817464
0.4403152969323436
0.013529024315316605
0.06361692734473007
0.13646912702195477
0.2504460774552425
0.3811629091102208
0.028506453031450003
0.060272303384146776
0.11669462705680334
0.20185921789938194
0.3361859735416557
0.03247621001366284
0.1510552528157755
0.25461247705865847
0.38416933105354645
0.4874828789190331
0.022140329830172268
0.1369213289643108
0.2952963015785876
0.43723698059650973
0.5361218387694346
0.0
0.05656106422064853
0.13185457188840716
0.2674654400144703
0.4417616659321377
0.012406726125851164
0.08107010235139493
0.18326636849734448
0.32475796544679086
0.46774303401931083
0.04032238363185862
0.06907983963602538
0.2239481427950523
0.401099171493965
0.47605964873546924
0.050865677759037504
0.18757399604393257
0.32269625705424726
0.43155545289977393
0.5448384801337426
0.0025008454988086682
0.10502796535697267
0.184516970890289
0.38188366532049267
0.5130783850929962
0.03249848556794882
0.13099574780067338
0.25889652404382435
0.381887860086755
0.5126026569542393
0.03144853767085046
0.1356022933875352
0.23673003113417923
0.3551407044447581
0.4632348915067113
0.018847775159151228
0.06348715009976756
0.21173971427156488
0.2934385172669151
0.4341273851888047
0.039306145962696167
0.20556382339517965
0.30209527786483825
0.4093955114873301
0.5151544012013097
0.042131184872463055
0.17927776216837588
0.3255521875582028
0.45765866705868685
0.5489817652886091
0.0351958629736669
0.165719636553417
0.3218724055956994
0.41923208270216994
0.5771753814125309
0.028643663846374887
0.09028266763933983
0.21987382744076434
0.34187206865440406
0.45025930065443365
0.019980532542800435
0.11922007583874475
0.19871485609912387
0.3293545612019619
0.4356485462126361
0.017591866904660962
0.09845071894950923
0.2135959546519456
0.3467557517731026
0.4724585228953104
0.05184056258769621
0.1971474975131637
0.2886159941833936
0.40910349311446276
0.48983047472581015
0.012873051455637911
0.06914769767706651
0.19682721171667653
0.5010634792871814
0.6871268405097146
0.030281994802337443
0.06454514640143949
0.388892361778843
0.6072599276997057
0.8190818939743993
0.0
0.04988351735291519
0.32849150970012314
0.7369370391283737
0.8324809865230994
0.03719346843012015
0.07583667843404555
0.27277434232138525
0.7431163477930863
0.8161642441908669
0.023258951608744402
0.030891218420264183
0.4099163479048657
0.6994126506447775
0.8080892350036207
0.040968657129266846
0.16046393751382695
0.378420892154994
0.7041424572935658
0.8117226067190877
0.028859665112842204
0.02986842539427329
0.2355304959560976
0.5144537397471544
0.6957297966115814
0.0021535744157853923
0.033951155154010905
0.25808825390384205
0.5860399629109277
0.7236602583259627
0.03237053902068448
0.06819983689297263
0.21995926218452982
0.5496716837732172
0.7102203909627421
0.02200478767286745
0.13420229181748758
0.6467256771618242
0.761770793550243
0.8462638682915145
0.008108853922375557
0.18048859263393524
0.5178478492763323
0.724554720382649
0.7906815447755726
0.016043839221016605
0.07493853411598043
0.1541617057775429
0.3220365951811452
0.5510653434035534
0.02199523811844518
0.046741049591801274
0.1347746312457038
0.46254602830915675
0.7343663274248294
0.016972341279743217
0.2735137370729849
0.5316597293930991
0.654502488149883
0.7703178811551262
0.020702031688327256
0.07883698319142575
0.15584322423294902
0.4293711251588034
0.7299014671860957
0.00020753039336134113
0.0092886386361385
0.03780588861721689
0.2692579018723892
0.6389364281060418
0.015565401685681572
0.06326953934268177
0.32396333981576525
0.5679242047164533
0.7655586061650239
0.022605775596352216
0.09170935874657786
0.36207820940119234
0.699263328904396
0.8270436756777012
0.027168490699883342
0.0986550888068831
0.42507176977100775
0.7449259496119867
0.8458024808160968
0.013676544284140005
0.07511515072172718
0.30044760864590087
0.5992930581806168
0.8292912762324092
0.024131042514372467
0.04297166436976475
0.18069261864182198
0.5372723299882741
0.6662993310910343
0.019646794185940925
0.12472803207824729
0.3070873334780316
0.663131140904666
0.7800809051992209
0.02185800951816419
0.05966057228741235
0.26090468640769654
0.5552483724971036
0.7108158442220269
0.03117049797793712
0.43600319003346416
0.6930300660442651
0.884946330660783
0.9176434618166124
0.043166613511600734
0.1173858901432818
0.3417185998354168
0.7215177084056238
0.8260705557525166
0.0466211817293208
0.36929320894744594
0.713531869602051
0.7759623611843663
0.891153287819475
0.02626624980291946
0.05728734139445356
0.1684800810733737
0.578453969351756
0.7265398724937592
0.015466592960699951
0.12871853965252777
0.48842957278031046
0.6895354736878774
0.7750161397003734
0.03755230653728378
0.10766064877405053
0.22940962997118547
0.5898208194145261
0.7303943166000278
0.031199188644283733
0.11871462875037572
0.3483184448843251
0.621443009464117
0.782590489035621
0.011967497540702548
0.13531131110125566
0.3643609853066028
0.5758434486192733
0.8269159401906132
0.027045193152520765
0.19101425309520748
0.4855505271803489
0.7544132534591003
0.9559081363947638
0.00029439504243625316
0.11813509685450012
0.38933508120759797
0.6965625312273085
0.9043054229788621
0.03811812828388272
0.20293495854493
0.4093799838624794
0.6508196264444253
0.8246815569294484
0.027567214967198387
0.1431605410060739
0.4599420699085164
0.7792207487608241
0.9256904485552264
0.07855702976131719
0.20903885541722805
0.4054628935284878
0.638977192799069
0.7852500362794443
0.028659450024624267
0.04294019222421595
0.3226003951670648
0.5466219215759724
0.7658753367351655
0.0021407022392819783
0.0725197717183537
0.38588509441219476
0.6306200846189579
0.8048543740374666
0.02694259242784882
0.07437999753148612
0.24508932299613656
0.5457940910638579
0.8105725789687916
0.044337131508498
0.2375376559321108
0.5587130115375861
0.7619545625997037
0.9771225055861504
0.008125123721821701
0.1763187172078519
0.5179535030020792
0.8084287570154411
0.9720800409822875
0.015410763176707577
0.05629780521799061
0.17876166899906218
0.3792025927040701
0.6090299196336435
0.022350232198090354
0.04418921139465492
0.17047949460681552
0.37739081496845567
0.6171026802304875
0.031246540877749782
0.2670039523980558
0.5086300071345186
0.7634242439153904
0.9072920193782751
0.0654311282609431
0.16694386195554448
0.24779660537805673
0.4081225010426934
0.6823373296365123
0.00020753039336134113
0.04476349891636775
0.1599518288320102
0.3944238422372228
0.6930414847146111
0.01462370222021191
0.10641212793247155
0.38094814997409426
0.6651819918630327
0.8205976601218915
0.05490659530905783
0.15030966828580347
0.37291986154280193
0.7231220816523759
0.8870846452338665
0.03170744324979188
0.1823164819532712
0.43443769220309997
0.6812361824473293
0.8857255101702701
0.017064766116514165
0.17185760841662906
0.3642080907090584
0.6709766963976174
0.9102313222729952
0.018267739085299165
0.09004385958541956
0.30623752404460713
0.5014119207592936
0.7537666979373836
0.004009883470916641
0.08026343906227397
0.3910207327890534
0.6054350917688491
0.8365715603384174
0.0040270763140849136
0.0778399810671191
0.18738096409348118
0.5553998776231686
0.7565906158116011
0.02392818662661784
0.3006532057785079
0.6552262721284305
0.8508908929712239
1.0
0.058401691448940654
0.17850122211894923
0.3912552086116269
0.6060846902003225
0.8888100948524243
0.03279601574538786
0.3133277025179598
0.5723002201561003
0.8373743201169841
0.9671522648947802
0.03596190642408786
0.16442514848622108
0.34971536015808224
0.5331824908532732
0.7639330025658747
0.0019719621438775868
0.1621156166923698
0.5316645696717051
0.8023202600648329
0.9842003633639042
0.04510290407256676
0.11430758405726535
0.3172980643742425
0.5477130505858583
0.7719458951213471
0.04202278301378692
0.12153724933200068
0.4034443385229045
0.6410802369255747
0.896613533817217
0.052376161472385996
0.2530578728086438
0.37574086581450483
0.4898801584618102
0.5652194084311342
0.12564571365956384
0.3187307973483377
0.4752207361922053
0.6006280112891977
0.707734203653038
0.06765358871515613
0.243426817794292
0.4981289990682256
0.6199626990385528
0.7240842268002151
0.050821086555985294
0.2927568043485522
0.4288678518074273
0.5953103434536169
0.6965404539682659
0.027877091254073016
0.19511966821076102
0.38151607779422325
0.549040104726563
0.7266031465114576
0.2220833193356789
0.32532199537029344
0.503034866475788
0.5947508475622322
0.6666077889549766
0.0317252715018292
0.2261161242169192
0.3755264263476663
0.570449297255263
0.6991148569270473
0.0115359070349252
0.08882431730722477
0.264691120155538
0.46704883793672863
0.6387985365333697
0.04647062537025962
0.24667830303663935
0.37089352436727646
0.48385190890820584
0.6449477560576297
0.16983289095736837
0.27189185831499335
0.4479866938428362
0.5686431487411163
0.6806356264250728
0.06605952846807188
0.270288031489073
0.40280222439878366
0.4873715042317835
0.6065226274587954
0.022737985130987372
0.09216691418397638
0.3327092207066686
0.40097825214452504
0.5758554035881543
0.004040562577066166
0.19014872953165
0.3375129565917832
0.4514143325901956
0.6098175116247088
0.03195360117743199
0.19346122699515692
0.35243224472398205
0.505369606266316
0.6419916025765571
0.12464651599048177
0.2903446082094701
0.4396969536072418
0.5714982166701015
0.6590318807306986
0.01751022545930075
0.14312521678029924
0.3229692436329491
0.518165050961577
0.6726434086871538
0.030942595156679926
0.2082398765274084
0.3201265389326928
0.5137090654417219
0.5984775820319763
0.08689972886042316
0.2544571808031815
0.49095603148480166
0.6177298174826941
0.7354442595989716
0.09484426787655904
0.3097809398858342
0.5244519599717377
0.6532465002497106
0.7520708067110978
0.032260134448218784
0.13874277919031724
0.3358916222042319
0.5125083255862067
0.7382563630968759
0.19839979290388393
0.29664814388356575
0.42226671071504696
0.5466375268290555
0.6358556783682486
0.02154584346279844
0.1799836480792186
0.3557389613685824
0.5747635861370053
0.7016579579815861
0.04763366235047834
0.2245762740160439
0.4114111206491345
0.5360419191061029
0.6791350010219133
0.11923335053806627
0.3392142648734188
0.5314455643225126
0.6173062372900298
0.7214422199872957
0.22416334100122565
0.36921474557592343
0.5390786784606494
0.6068229992161186
0.7342199694083983
0.07239021117592705
0.36570016671566774
0.5863255329517421
0.6967302184749514
0.8164090218109881
0.06715074419762768
0.29390526894669505
0.4320261775188243
0.5864919040985153
0.7009579402713552
0.03881758375499227
0.17260308581992334
0.3447859268308859
0.5383839936617876
0.6531167977489708
0.0645482074543482
0.2029101714267473
0.3710826918010138
0.6001939977117847
0.6830205831953793
0.09870562601466762
0.2623878164527734
0.49033947312683135
0.638011431407018
0.7419198806440096
0.042667713199591846
0.14243468690001163
0.3411142841589732
0.4710376993025577
0.7497945239557293
0.02498389186121712
0.11434857120376489
0.2594208127943026
0.4639448300386679
0.8959628575277053
0.08345629496855628
0.2157489707614678
0.36312032387843046
0.5712172560289994
0.9130125203433659
0.06065100205948597
0.1824370728384973
0.3481398683899137
0.6357910260921681
0.7771783445182803
0.0780722416914223
0.20196824319233492
0.48198049538287957
0.7785399992932435
0.9527750535381632
0.06674341318446185
0.1471988594055405
0.3992754674378941
0.50840987358733
0.7499961260596266
0.0317252715018292
0.18715564816842864
0.2900159824276977
0.4849812425494479
0.758275259483234
0.04704606765792968
0.24907224667020708
0.4080998183148092
0.5887766833881293
0.7853779236845483
0.04425475244770943
0.12162618841504125
0.24708723664714194
0.404820796364656
0.7628719627380469
0.03696687319968819
0.14934338961738616
0.2622402578904462
0.5383654566708077
0.8562562552214098
0.055759427682420856
0.3611510740914827
0.5832469974012677
0.8004418574798029
0.9127430689999732
0.015861958163784558
0.10980003017875108
0.1798009794100957
0.2903201364342214
0.44184031675101343
0.0125227979269504
0.06762788165607259
0.23096193046682287
0.3408581509816717
0.5697377920473893
0.05893750553970777
0.226532464087034
0.46150318795864764
0.6733039200425408
0.9658047751363336
0.07417684639598797
0.1629259939195413
0.2956277311066074
0.4702066543819844
0.6547039841249739
0.013494440076582367
0.07807352469324584
0.2072431203765211
0.35051352124546986
0.5903943713208908
0.04766815605585389
0.1770460609959399
0.3594012224423955
0.5875491948128201
0.7902747740027312
0.035080657739721126
0.17227865504513717
0.3649387247082297
0.6065418444946512
0.8680668386637096
0.08794235193562353
0.22995987952804844
0.38093059488657455
0.5693538547017916
0.8455671522920921
0.03410828043987464
0.1884989690235827
0.4705438307089355
0.6700459059216569
0.8797110078500835
0.01144223942612916
0.08328696156795737
0.2415826520532362
0.41557587347732106
0.6575907408348292
0.04604153296737957
0.161031365699665
0.3947081608486806
0.5491598986857438
0.7692416529963186
0.019750907359368026
0.13974413638630578
0.3003250012575687
0.45980944165032694
0.6964102274069592
0.07307560132701661
0.30852646052992144
0.7259181911560919
0.9627826522623961
0.9994086365590071
0.08654692643889202
0.19069223495591636
0.3068909184304163
0.5476038174123357
0.8459183068977392
0.07540584921203503
0.29251160259288356
0.5587929645263566
0.8179716967762629
0.9628265352945923
0.03635365422590742
0.11515812032165627
0.22982493617965943
0.40696273342420697
0.6058603182382641
0.06045495344653714
0.2348571312419735
0.5180877220210365
0.7474646826271428
0.9328875307180293
0.05644423683727933
0.20628515174046488
0.34889888654683165
0.5213981563015798
0.7188363195990565
0.08643972722382232
0.19805297524302992
0.41991805553118816
0.6163104400642191
0.8339201364401237
0.05618132739786405
0.20096895638002854
0.31032464783451436
0.3705988718089038
0.037807031130681894
0.16308937099203644
0.36656696111992176
0.452586929053047
0.11656840062750139
0.33915927014058805
0.6053517102008462
0.6897294647627122
0.03640707839805553
0.13947145170932881
0.34489177345472927
0.457521932555123
0.06983133187054241
0.256400481779453
0.5147021852401026
0.6148866679764512
0.11125491799556221
0.2851569576963009
0.4077264540756716
0.5167338227300811
0.14330813408892995
0.289023048517029
0.5535826133447691
0.5651178941895693
0.09726824932408588
0.20981936371317236
0.35245776722163386
0.4167574004423241
0.07554225228787313
0.200368815079446
0.3991100981882362
0.026857735533239408
0.1447757551003931
0.2795226964810415
0.3785073937305232
0.09043679617328836
0.2123847921630622
0.34155551194714046
0.3894132822473956
0.04676679962074633
0.18325049508647487
0.35607679838777495
0.46992527922509664
0.10539768448340976
0.23884004434634948
0.45238272466463364
0.09167085842049905
0.30520265427440824
0.6405896459182379
0.09433619267283604
0.26506273334541314
0.40973196566247355
0.5064556060646387
0.02341995824260993
0.15670477494199767
0.36906218411332364
0.45828165808171734
0.013177206709342705
0.14237026052404725
0.2581254533546684
0.3233505862765588
0.061938392005139335
0.22373347164259394
0.369586504999449
0.4586262657011896
0.07388935473468983
0.19800096471970427
0.3898422677727975
0.47088633894622134
0.05644343811602687
0.19212609143737985
0.37088474545624295
0.4503672604466767
0.12470785915433244
0.28958779692210046
0.39293044151152834
0.505776827855747
0.0806303935443436
0.1843742746906754
0.33278559915126865
0.4101935718681961
0.04065968414002213
0.2209429677651783
0.3195265439439363
0.378758396921972
0.05203784021614065
0.13097277627997245
0.2726005740709034
0.4131021798747081
0.09357843193244204
0.26049266612963307
0.40187195765705297
0.46539822781144724
0.09061317201532486
0.31475237457990074
0.6252698110118692
0.056003059616345365
0.21499476885162408
0.43300171702045914
0.49713803032694515
0.07924606309555925
0.19889158324490908
0.40658785474533005
0.5542360201330179
0.05554816523513847
0.20282257585730787
0.3317161647021082
0.3853332977569799
0.0683545728540736
0.1727801373216243
0.4093416922203528
0.4685564551344059
